periodo	Euro	Libra Esterlina	Peso Mexicano
Ene02	0.883095781	1.432254368	9.1614
Feb02	0.870011571	1.422475107	9.1062
Mar02	0.875771774	1.422373942	9.0809
Abr02	0.885770975	1.442564302	9.1317
May02	0.916926462	1.459278824	9.4899
Jun02	0.955082471	1.486038667	9.7378
Jul02	0.992043809	1.553373928	9.7978
Ago02	0.977803853	1.53609831	9.8258
Sep02	0.980786395	1.554557184	10.0425
Oct02	0.980805634	1.557171554	10.0961
Nov02	0.991866693	1.561597202	10.2032
Dic02	1.018008572	1.58621893	10.1982
Ene03	1.061965699	1.616161616	10.5762
Feb03	1.077272776	1.609424792	10.9216
Mar03	1.080391966	1.582729258	10.9427
Abr03	1.084586935	1.574133833	10.6324
May03	1.156724619	1.622770719	10.2506
Jun03	1.16613996	1.660467588	10.4953
Jul03	1.137087237	1.624668974	10.4434
Ago03	1.113536145	1.594031944	10.7327
Sep03	1.121667246	1.610098538	10.9255
Oct03	1.169153066	1.676164935	11.1704
Nov03	1.169905355	1.688846855	11.1145
Dic03	1.228878648	1.750179393	11.2629
Ene04	1.261208995	1.821559984	10.9308
Feb04	1.264510255	1.867099834	11.0128
Mar04	1.226091221	1.827552177	10.9984
Abr04	1.198911388	1.802483823	11.2535
May04	1.199644905	1.785682399	11.5119
Jun04	1.213768995	1.827451984	11.379
Jul04	1.226467161	1.841315436	11.4735
Ago04	1.217478116	1.819405782	11.3957
Sep04	1.221717246	1.792692983	11.4858
Oct04	1.248704469	1.805738637	11.3864
Nov04	1.298937469	1.859565605	11.3938
Dic04	1.33763159	1.929347302	11.21
Ene05	1.324520855	1.883735825	11.2556
Feb05	1.301253107	1.887433468	11.1502
Mar05	1.318878426	1.905451497	11.1326
Abr05	1.293744744	1.894585275	11.1262
May05	1.269164382	1.857044699	10.992
Jun05	1.216426625	1.818777054	10.834
Jul05	1.203644636	1.75048576	10.6931
Ago05	1.22919586	1.793239487	10.6703
Sep05	1.225415109	1.807991322	10.7791
Oct05	1.201417673	1.763637326	10.8312
Nov05	1.178480938	1.735086928	10.6903
Dic05	1.18555051	1.745231156	10.6201
Ene06	1.210214208	1.766191561	10.5679
Feb06	1.193801781	1.748068384	10.4813
Mar06	1.201937523	1.743405568	10.7061
Abr06	1.226963755	1.766316347	11.0206
May06	1.276910897	1.869473369	11.0758
Jun06	1.264894128	1.843317972	11.3864
Jul06	1.268311244	1.844303868	11.0268
Ago06	1.281115083	1.892756421	10.8739
Sep06	1.272718017	1.886187449	10.9722
Oct06	1.261065853	1.874871103	10.9201
Nov06	1.287962701	1.911497658	10.8948
Dic06	1.321248315	1.963826319	10.865
Ene07	1.299747826	1.959247649	10.9344
Feb07	1.307360439	1.95683228	10.988
Mar07	1.324135009	1.947192149	11.125
Abr07	1.351533991	1.989891352	10.9924
May07	1.351113993	1.983575991	10.8301
Jun07	1.341813595	1.985624082	10.8338
Jul07	1.371516348	2.033181522	10.7963
Ago07	1.362156566	2.00932326	11.0363
Sep07	1.389390613	2.016535592	11.045
Oct07	1.422677479	2.043193102	10.8418
Nov07	1.468256299	2.070736354	10.8658
Dic07	1.45787471	2.023472278	10.8494
Ene08	1.471713663	1.969628331	10.9171
Feb08	1.474600015	1.963672067	10.7794
Mar08	1.552361141	2.003486066	10.7346
Abr08	1.574942042	1.980982567	10.5295
May08	1.555592198	1.965370177	10.4542
Jun08	1.555185767	1.963864886	10.3305
Jul08	1.576913979	1.98870416	10.239
Ago08	1.496871538	1.949583764	10.0906
Sep08	1.436595842	1.796364159	10.5744
Oct08	1.330459541	1.688761294	12.4738
Nov08	1.273090682	1.534589651	13.0609
Dic08	1.362249346	1.487088355	13.3726
Ene09	1.323980733	1.440677234	13.8492
Feb09	1.278380037	1.440154385	14.518
Mar09	1.303843862	1.411203545	14.7393
Abr09	1.318847117	1.46952715	13.489
May09	1.362804433	1.540350245	13.2167
Jun09	1.401535803	1.635603824	13.3439
Jul09	1.408678871	1.634905895	13.3619
Ago09	1.426737052	1.654842815	13.0015
Sep09	1.455970718	1.633594545	13.3987
Oct09	1.481510014	1.6178481	13.2626
Nov09	1.491375376	1.65862785	13.1305
Dic09	1.459907296	1.624070017	12.8504
Ene10	1.4269834	1.617141702	12.807
Feb10	1.368428975	1.561733774	12.9624
Mar10	1.359258932	1.504691628	12.6138
Abr10	1.340771936	1.532475454	12.242
May10	1.255882238	1.463107025	12.6826
Jun10	1.220713556	1.462516435	12.7234
Jul10	1.2778181	1.528864971	12.8341
Ago10	1.289061795	1.589582512	12.7261
Sep10	1.306888873	1.557215201	12.861
Oct10	1.389705341	1.585783766	12.4535
Nov10	1.365364791	1.596801288	12.3251
Dic10	1.321850856	1.560300951	12.4011
Ene11	1.337285714	1.578797619	12.11654524
Feb11	1.3661825	1.613605	12.0661275
Mar11	1.401913043	1.616126087	11.99718913
Abr11	1.447092857	1.638471429	11.69494048
May11	1.432438636	1.633904545	11.65189773
Jun11	1.439965909	1.621863636	11.81400455
Jul11	1.429430952	1.615640476	11.66579524
Ago11	1.433876087	1.635921739	12.24547826
Sep11	1.375077273	1.577302273	13.08301364
Oct11	1.372509524	1.57712619	13.44750238
Nov11	1.355306818	1.580011364	13.71370682
Dic11	1.314722727	1.558618182	13.78979318
Ene12	1.291088636	1.552263636	13.39770909
Feb12	1.323745238	1.580635714	12.7880619
Mar12	1.321138636	1.583059091	12.73624091
Abr12	1.31632619	1.600690476	13.05420714
May12	1.278736957	1.590732609	13.6582087
Jun12	1.254690476	1.555788095	13.89719286
Jul12	1.229313636	1.559979545	13.34773864
Ago12	1.24028913	1.571732609	13.18481522
Sep12	1.2872975	1.6113425	12.9256275
Oct12	1.296982609	1.60723913	12.90151522
Nov12	1.283843182	1.596420455	13.07205
Dic12	1.312704762	1.614564286	12.8638
Ene13	1.3302	1.597419565	12.69842826
Feb13	1.333895	1.5465775	12.7132025
Mar13	1.295857143	1.508645238	12.48972619
Abr13	1.302545455	1.530945455	12.20697273
May13	1.297823913	1.528808696	12.3118
Jun13	1.3200725	1.54973	12.9587775
Jul13	1.30855	1.518627273	12.74850909
Ago13	1.331927273	1.550543182	12.92786136
Sep13	1.33617619	1.5874	13.05097143
Oct13	1.3639	1.609093478	13.00145435
Nov13	1.34977619	1.611464286	13.06961429
Dic13	1.370334091	1.638225	12.998925
Ene14	1.362217391	1.6473	13.21246304
Feb14	1.3669625	1.656585	13.289825
Mar14	1.382609524	1.661666667	13.1980619
Abr14	1.381097727	1.674995455	13.06024091
May14	1.373327273	1.684065909	12.92759773
Jun14	1.360066667	1.691690476	12.99124524
Jul14	1.353841304	1.707521739	12.99133696
Ago14	1.331464286	1.66987619	13.14343095
Sep14	1.288356522	1.630073913	13.2470087
Oct14	1.268219565	1.607567391	13.48286087
Nov14	1.2474575	1.57738	13.6306525
Dic14	1.230663043	1.562952174	14.5512413
Ene15	1.16072381	1.513961905	14.69895238
Feb15	1.1353325	1.5334925	14.90916471
Mar15	1.082902273	1.496895455	15.23652273
Abr15	1.081865909	1.496140909	15.21299773
May15	1.115842857	1.545533333	15.27334048
Jun15	1.123518182	1.558738636	15.479325
Jul15	1.099971739	1.555993478	15.94739348
Ago15	1.114509524	1.557919048	16.56673333
Sep15	1.123725	1.533272727	16.84447727
Oct15	1.121888636	1.533172727	16.57758409
Nov15	1.072990476	1.5193	16.62840714
Dic15	1.0899	1.49808913	17.07472174
Ene16	1.0867825	1.438695	18.1004
Feb16	1.110502381	1.431330952	18.46285476
Mar16	1.1142	1.425395652	17.61277826
Abr16	1.133874286	1.431551667	17.48117405
May16	1.129877273	1.452386364	18.17439091
Jun16	1.124195455	1.421043182	18.63590455
Jul16	1.10642381	1.314771429	18.5958
Ago16	1.120567391	1.310467391	18.49689348
Sep16	1.121327273	1.314861364	19.202
Oct16	1.102554762	1.233457143	18.88804762
Nov16	1.078595455	1.24415	20.09101364
Dic16	1.053865909	1.247354545	20.52352273
Ene17	1.063145455	1.235345455	21.39489091
Feb17	1.0641625	1.2486575	20.278285
Mar17	1.068747826	1.234745652	19.27342174
Abr17	1.0716575	1.26438	18.74888
May17	1.105691304	1.292223913	18.76913696
Jun17	1.1238	1.281213636	18.13430682
Jul17	1.153164286	1.299797619	17.80905952
Ago17	1.181836957	1.295695652	17.80145217
Sep17	1.189840909	1.331329545	17.862025
Oct17	1.175490909	1.32015	18.83396364
Nov17	1.174413636	1.323075	18.91498636
Dic17	1.183621429	1.340438095	19.21139524
Ene18	1.219182609	1.381436957	18.93912174
Feb18	1.234335	1.3963775	18.6598125
Mar18	1.233765909	1.397718182	18.58212273
Abr18	1.227238095	1.406861905	18.37843095
May18	1.181328261	1.346165217	19.56159565
Jun18	1.167233333	1.328559524	20.3056881
Jul18	1.168613636	1.316995455	18.98897273
Ago18	1.154231818	1.286747727	18.85826591
Sep18	1.16609	1.3057775	19.0015225
Oct18	1.148113043	1.30105	19.21696522
Nov18	1.136247727	1.289936364	20.24585227
Dic18	1.137307143	1.266604762	20.09280476
Ene19	1.142614	1.291314	19.1713
Feb19	1.13481	1.3013075	19.19205
Mar19	1.13007619	1.317466667	19.2330381
Abr19	1.123318182	1.303022727	18.95318864
May19	1.118417391	1.28413913	19.10914783
Jun19	1.12958	1.26763	19.27601
Jul19	1.121317391	1.246330435	19.05313696
Ago19	1.112279545	1.215286364	19.70040227
Sep19	1.100766667	1.23552381	19.58307143
Oct19	1.105708696	1.265952174	19.32591304
Nov19	1.104733333	1.288385714	19.31352143
Dic19	1.111370455	1.309804545	19.099975
Ene20	1.11041087	1.308465217	18.79777826
Feb20	1.09054	1.2954975	18.8325275
Mar20	1.1063	1.235965909	22.32967955
Abr20	1.087195455	1.24185	24.17096136
May20	1.090609524	1.229421429	23.46587619
Jun20	1.125779545	1.252788636	22.31762273
Jul20	1.147297826	1.268569565	22.39879565
Ago20	1.18297381	1.313580952	22.18968571
Sep20	1.178914286	1.296059524	21.61687857
Oct20	1.176759091	1.297575	21.27407273
Nov20	1.183714286	1.321680952	20.40931429
Dic20	1.217317391	1.34526087	19.9455
Ene21	1.217366667	1.364378571	19.93148571
Feb21	1.2094275	1.3867775	20.2888025
Mar21	1.190008696	1.386078261	20.76235217
Abr21	1.197122727	1.384234091	20.05839091
May21	1.214835714	1.40882381	19.96928333
Jun21	1.203990909	1.401988636	20.0289
Jul21	1.182475	1.381256818	19.96885909
Ago21	1.176738636	1.379656818	20.07754773
Sep21	1.176536364	1.37285	20.05252045
Oct21	1.159954762	1.369245238	20.4528381
Nov21	1.140886364	1.345172727	20.88031364
Dic21	1.130682609	1.33188913	20.89018043
