periodo	Demanda Interna	Consumo Privado	Consumo Público	Inversión Bruta Interna	Inversión Bruta Fija	Inversión Bruta Fija - Privada	Inversión Bruta Fija - Pública	Variación de Inventarios	Exportaciones	Importaciones	PBI
T190	40113.07611	28405.80363	5627.162572	6080.109917	6017.698108	4770.910288	1246.787821	62.41180849	6280.480711	5953.048557	40440.50827
T290	38892.74059	26295.67901	4386.336301	8210.72527	6183.529511	4886.589235	1296.940277	2027.195759	6166.091355	4741.896271	40316.93567
T390	31649.43109	24792.35794	3116.986283	3740.086864	4641.122716	3846.610556	794.5121601	-901.0358522	6725.974146	4440.89458	33934.51065
T490	34040.35016	26241.15942	3118.514844	4680.675892	4980.43403	3654.778762	1325.655268	-299.7581382	6624.418016	3864.722763	36800.04541
T191	34349.02461	25969.78914	4146.836256	4232.399213	4659.602878	3791.465615	868.137263	-427.2036654	6490.052956	4549.420904	36289.65666
T291	38475.70981	27033.7561	3783.71229	7658.241423	5382.849555	4225.174184	1157.675371	2275.391867	7294.497835	5575.841941	40194.36571
T391	38423.85606	28476.72124	4119.160094	5827.974724	6022.08212	4751.596375	1270.485745	-194.1073955	6954.970298	5934.497734	39444.32862
T491	38526.86139	28184.73352	4518.29136	5823.836518	6162.460968	4386.162345	1776.298623	-338.6244491	6557.545768	6158.758155	38925.64901
T192	38207.45602	28360.22327	3857.522789	5989.709957	5690.638365	4622.056607	1068.581758	299.0715924	6699.924627	6353.495123	38553.88552
T292	38577.0454	26637.29959	4206.670348	7733.075457	5395.71168	4040.395025	1355.316655	2337.363777	6686.12063	5843.068085	39420.09794
T392	35437.92576	25928.3959	4404.430657	5105.099199	5673.876312	4077.953549	1595.922763	-568.7771136	7120.139919	5724.99469	36833.07099
T492	37518.17224	27926.08123	4568.376207	5023.714801	5785.689483	3709.862279	2075.827204	-761.9746821	7975.33115	6283.557842	39209.94555
T193	37462.5861	26753.43371	4296.332163	6412.820228	5405.66024	3960.002495	1445.657744	1007.159988	6621.564948	5625.379618	38458.77143
T293	40590.78889	27582.57528	4475.457159	8532.75645	5723.817198	4129.651843	1594.165356	2808.939252	7138.240956	6082.462653	41646.56719
T393	40024.50216	29633.42748	4519.656068	5871.418607	6325.397406	4682.28381	1643.113596	-453.9787987	7028.294592	6369.130508	40683.66624
T493	39745.95208	29710.56352	4271.55461	5763.833945	7686.138058	5256.505355	2429.632703	-1922.304113	8582.807706	7024.764651	41303.99513
T194	41666.15512	29220.9309	3619.429369	8825.794842	7321.235072	4884.519258	2436.715813	1504.55977	8761.624636	7054.102339	43373.67741
T294	44852.04262	31996.96197	4431.164974	8423.915682	7774.480013	5331.925437	2442.554576	649.4356695	9407.223638	7549.317309	46709.94895
T394	43212.70566	30626.96867	5167.16668	7418.57031	9051.965709	6962.466486	2089.499223	-1633.395399	9978.7018	8097.342547	45094.06491
T494	46605.60429	32588.13846	5868.238977	8149.226852	10204.72777	7909.088819	2295.638948	-2055.500915	9349.072011	9088.696255	46865.98004
T195	47458.65648	32192.37247	5156.358665	10109.92534	9741.085499	7397.090261	2343.995238	368.8398408	9508.01035	9686.198068	47280.46876
T295	50626.39108	33142.43319	4971.894871	12512.06302	10568.9771	8187.123225	2381.853873	1943.085925	9875.550888	9786.407741	50715.53423
T395	48943.15543	35083.85697	5257.047844	8602.250612	10751.38176	8674.805506	2076.576252	-2149.131146	10273.3957	10420.87586	48795.67526
T495	49159.86204	35856.33737	5322.69862	7980.82605	10024.34918	7686.981008	2337.368174	-2043.523132	10086.51713	10502.06598	48744.31318
T196	46881.94064	33438.20898	4804.740359	8638.991303	9329.277848	7291.922494	2037.355354	-690.2865444	10284.60005	9281.915258	47884.62544
T296	51827.87855	34018.87419	5529.656672	12279.34769	9768.536519	7817.335534	1951.200986	2510.811174	10348.80052	10262.99879	51913.68028
T396	49180.9696	36007.03871	5293.8598	7880.071087	10026.92661	7937.304108	2089.622498	-2146.855518	11262.50478	10370.87359	50072.60079
T496	50655.76035	36036.87812	5990.743169	8628.139059	10993.88738	8200.437864	2793.44952	-2365.748325	11016.60408	10533.98121	51138.38322
T197	48928.95134	34934.56897	5321.030835	8673.351526	9811.602189	7963.673065	1847.929124	-1138.250663	11405.38366	9969.463535	50364.87147
T297	54740.7996	35514.10058	5251.594867	13975.10415	10639.35812	8469.337047	2170.021069	3335.746037	12749.43373	11303.76575	56186.46758
T397	53304.15304	36993.29305	5873.944852	10436.91514	12131.90531	9557.20215	2574.703163	-1694.990169	12169.90031	12194.4708	53279.58255
T497	54403.72163	37113.0374	6815.429446	10475.25479	13805.64433	10250.78774	3554.856591	-3330.38954	11696.30683	11902.65867	54197.36979
T198	52421.06355	34159.55684	5573.012157	12688.49455	11346.26748	9139.308587	2206.958895	1342.227071	10476.06435	11410.25162	51486.87629
T298	55009.66073	35324.9172	5268.205535	14416.538	11865.51896	9335.394455	2530.124507	2551.019038	11661.12219	12191.98974	54478.79318
T398	51680.02204	36279.11779	5907.011361	9493.892886	11678.54755	8873.345338	2805.202209	-2184.65466	13617.0146	11782.19108	53514.84555
T498	49709.71555	35934.40817	7095.770947	6679.536431	11343.67956	8024.951621	3318.727936	-4664.143126	15039.27708	11039.51425	53709.47838
T199	47790.37485	35109.74979	5543.200274	7137.424781	9303.378137	7032.184692	2271.193445	-2165.953356	12747.27999	9323.021199	51214.63364
T299	51877.19397	35132.2206	5869.26222	10875.71115	10088.51616	7133.980943	2954.53522	787.1949844	13069.14477	9428.557725	55517.78101
T399	48625.8883	35563.39206	6398.697879	6663.798365	11307.87681	7905.646089	3402.230722	-4644.078446	14471.25124	9901.04974	53196.08981
T499	52848.27475	33860.63755	6867.839626	12119.79758	11287.64079	7909.188277	3378.452514	832.1567846	14328.72916	10728.76774	56448.23617
T100	50897.90173	34941.61699	6137.131667	9819.153073	10165.23566	7666.96676	2498.2689	-346.0825869	13623.84616	9846.925511	54674.82238
T200	54369.40168	35361.29815	6366.528879	12641.57465	9465.12635	6800.716249	2664.410101	3176.4483	14097.45281	10211.30379	58255.55071
T300	49541.48101	36160.9121	6499.804901	6880.764005	9653.695872	7354.572695	2299.123177	-2772.931866	15043.05153	9962.781407	54621.75114
T400	49861.04259	36727.17276	6440.534554	6693.335284	10379.42417	7638.744296	2740.679877	-3686.088888	15665.96122	10872.42068	54654.58313
T101	48291.51994	35365.17804	5442.897811	7483.444086	8212.405098	6835.206981	1377.198117	-728.9610121	13939.23047	10470.38344	51760.36698
T201	53231.39934	36088.83614	6292.549832	10850.01337	8814.330108	6771.881995	2042.448113	2035.683262	15405.27445	10205.6097	58431.06409
T301	49999.24055	36684.39845	6448.6487	6866.193394	9165.412783	7476.442398	1688.970385	-2299.219389	16895.5646	10775.15783	56119.64731
T401	51926.98191	36490.58737	7055.903656	8380.490882	9690.915188	7005.468625	2685.446563	-1310.424306	15963.24037	10621.7249	57268.49737
T102	50591.24726	37166.14639	5558.244971	7866.855899	8098.027658	6669.326452	1428.701206	-231.1717591	14466.96558	9920.471639	55137.7412
T202	56029.46783	37694.37456	6165.224607	12169.86866	8563.350609	6729.81036	1833.540249	3606.518051	16999.24634	10721.48739	62307.22678
T302	51402.88673	38481.14667	6561.996649	6359.74341	9028.204352	7277.015085	1751.189267	-2668.460942	18205.4228	11203.95506	58404.35447
T402	54403.92193	38332.33237	6954.533773	9117.055789	9768.270244	7468.848103	2299.42214	-651.2144546	16722.88339	11203.18065	59923.62468
T103	53147.80758	37520.54684	5883.623782	9743.636959	8804.841846	7263.930443	1540.911403	938.7951133	16294.35135	11192.88879	58249.27014
T203	58077.04236	38830.87347	6313.513238	12932.65565	8950.061836	7141.395996	1808.665841	3982.59381	17958.93051	10833.48476	65202.48811
T303	53760.99471	39644.76682	6661.13849	7455.0894	9585.414465	7917.067073	1668.347392	-2130.325065	18181.88489	11391.19613	60551.68347
T403	55160.56099	39490.81287	7365.72449	8304.023628	10053.39217	7592.606488	2460.785683	-1749.368543	17855.87519	11427.26415	61589.17203
T104	53876.3743	39277.15252	5865.664837	8733.55694	9279.155863	7995.788906	1283.366956	-545.5989228	18267.72472	11230.28345	60913.81557
T204	61573.24874	40053.85027	6519.789288	14999.60918	9274.332449	7768.454326	1505.878123	5725.276732	18549.82567	12483.36154	67639.71287
T304	53609.39859	40861.6153	7083.924573	5663.858711	10010.86975	8202.15009	1808.719662	-4347.01104	22052.57801	12516.22375	63145.75285
T404	57035.07187	40576.38191	7829.621302	8629.068659	11237.1575	8368.606677	2868.550819	-2608.088837	21936.78819	12901.35512	66070.50494
T105	55151.14239	40601.02096	6448.931869	8101.189556	9598.286108	8332.651049	1265.635059	-1497.096552	21714.9509	12525.20388	64340.88941
T205	62734.74423	41347.89763	6928.216385	14458.63021	10098.29334	8496.807777	1601.48556	4360.336871	22337.18183	13761.55844	71310.36762
T305	56821.48282	42411.09742	7494.573942	6915.811463	11172.68925	9321.57446	1851.114787	-4256.877785	24315.50014	13907.15677	67229.82619
T405	60607.17679	42293.98399	8911.277804	9401.914997	13572.18037	10065.96671	3506.21366	-4170.265377	24760.30749	14277.41361	71090.07067
T106	62966.98614	42939.81477	6914.682508	13112.48887	11999.16476	10649.13472	1350.030044	1113.324105	21346.83808	14643.06016	69670.76407
T206	68519.94934	43935.42543	7473.404145	17111.11976	12022.00934	10108.31868	1913.69066	5089.110425	22212.24529	14908.25913	75823.93549
T306	63665.96208	45099.67911	8081.896069	10484.3869	13066.70928	10754.41166	2312.297619	-2582.322379	24017.82533	14877.51835	72806.26906
T406	68336.09473	45031.0807	9576.017279	13728.99675	16058.88124	11970.13494	4088.746302	-2329.884489	25119.23933	17158.47187	76296.86218
T107	68784.28016	46181	7999	14604.28016	13409.63846	12071.90914	1337.729326	1194.641697	21907.71122	17337.85738	73354.134
T207	75408.34275	47902	7888	19618.34275	14549.35505	12465.37607	2083.978986	5068.987701	22992.82008	17775.20783	80625.955
T307	74359.53183	48878	8475	17006.53183	16725.23192	14045.48942	2679.742496	281.299915	26072.15051	19732.06034	80699.622
T407	78375.59751	49355	9062	19958.59751	20263.49098	15043.22537	5220.265609	-304.8934692	26528.74951	19891.05803	85013.289
T108	77037.48869	50198.747	8446	18392.74169	16884.44965	14806.41733	2078.032317	1508.29204	24955.32727	21196.50596	80796.31
T208	86797.82543	53698.142	8409	24690.68343	19498.88993	16481.29238	3017.597549	5191.793504	25347.60676	23027.71719	89117.715
T308	85273.7856	53716.922	8923	22633.8636	21517.69874	17907.54687	3610.151869	1116.164856	27558.09875	24401.64134	88430.243
T408	87074.67114	51822.75	9448	25803.92114	22895.29901	17244.94588	5650.353133	2908.622126	27532.89129	24081.83043	90525.732
T109	77216.19974	51955.70315	9405	15855.49659	17323.60427	14748.12026	2575.484016	-1468.107682	24636.30182	18960.29156	82892.21
T209	81267.39088	54288.82156	9432	17546.56932	17369.9666	13848.44583	3521.520765	176.6027186	25203.99402	18007.4239	88463.961
T309	80498.11338	55382.14658	10205	14910.9668	20436.87534	15611.2367	4825.638641	-5525.908538	27054.26204	19211.04742	88341.328
T409	86102.73602	54258.41925	10769	21075.31677	24557.64765	16358.0092	8199.638453	-3482.330883	27917.73922	21024.97424	92995.501
T110	84308.29782	55488.69096	10137	18682.60686	20058.65447	17021.98797	3036.6665	-1376.047605	24859.55681	21731.13863	87436.716
T210	94478.06639	59391.97079	9873	25213.09561	23051.10639	18039.03399	5012.072406	2161.989213	24982.62907	22667.57146	96793.124
T310	94962.33021	61252.65412	10588	23121.67609	25798.8923	20170.91949	5627.972814	-2677.216206	28305.30321	26472.63942	96794.994
T410	99320.69223	59358.71066	11438	28523.98157	29223.49359	20934.78451	8288.709084	-699.5120222	28069.55201	26334.07824	101056.166
T111	94564.46623	60704.62791	10135	23724.83832	21993.84857	19496.11193	2497.736646	1730.989744	25296.24644	25067.19866	94793.514
T211	101603.6448	64618.46422	10368	26617.1806	23859.60587	20241.27003	3618.33584	2757.574729	27685.78298	27381.1478	101908.28
T311	100342.1727	64560.29744	11266	24515.87524	26412.12468	21950.33939	4461.78529	-1896.249439	29818.91306	27740.80175	102420.284
T411	105365.0619	62623.43975	12294	30447.62214	31761.35407	22830.23216	8931.121908	-1313.731928	29875.51272	28106.65261	107133.922
T112	98754.62764	65354.60241	10716	22684.02524	25845.28718	22569.8665	3275.420676	-3161.261938	29589.84803	27758.47068	100586.005
T212	109393.7544	69051.29086	11276	29066.46349	28166.77432	23740.01443	4426.759894	899.6891667	27820.44664	29299.18299	107915.018
T312	110454.5706	69014.95797	11997	29442.6126	30746.19805	25223.84266	5522.355387	-1303.585449	31625.45727	32469.34084	109610.687
T412	113327.8125	67883.80868	13645	31799.00383	36269.86753	26187.80195	10082.06558	-4470.863699	30912.16751	31152.69003	113087.29
T113	109080.9135	69022.86073	10145.0818	29912.97093	29064.54372	25327.33782	3737.205906	848.4272056	26995.9879	30483.60536	105593.296
T213	117436.3629	73017.13527	11487.75214	32931.47546	31899.91112	26260.83518	5639.075936	1031.564339	28367.56005	31129.19892	114674.724
T313	116240.5865	72824.09511	11975.4336	31441.05783	32914.62525	26471.70018	6442.925064	-1473.567415	32179.08187	33080.01941	115339.649
T413	120227.4365	71993.0707	17193.73246	31040.63339	36668.72978	26600.45944	10068.27034	-5628.096396	31624.59639	31024.70194	120827.331
T114	112692.6424	72455.10244	11141.84228	29095.69764	29133.86034	25082.53643	4051.323914	-38.16270073	28553.31308	30419.69044	110826.265
T214	118963.6625	76111.01388	12055.31225	30797.33639	31074.36738	25707.23206	5367.135312	-277.0309842	28496.55552	30538.62105	116921.597
T314	118722.9627	75378.86989	12776.18683	30567.90596	31577.48437	25301.00226	6276.48211	-1009.578409	30411.80032	31692.23399	117442.529
T414	122895.0806	74099.69237	17871.7597	30923.62856	35743.91929	26246.53855	9497.380734	-4820.290726	30712.49102	31489.96265	122117.609
T115	115892.2711	75061.96221	11780.51091	29049.79794	27145.95257	24123.6255	3022.327072	1903.845375	27941.67461	30869.68267	112964.263
T215	122943.1773	79052.62793	13544.79008	30345.75931	28561.44277	23738.57244	4822.870329	1784.31654	28823.90496	31134.03328	120633.049
T315	121269.2011	78593.97798	13618.2262	29056.99688	30260.9063	24401.59715	5859.309153	-1203.909421	32040.57697	32161.13303	121148.645
T415	125510.8591	77208.84028	20204.44768	28097.5711	35546.58204	25798.64173	9747.940309	-7449.010937	34923.45185	32674.26792	127760.043
T116	117860.6999	77895.80977	13782.70449	26182.18563	27234.40098	23151.34145	4083.059532	-1052.215345	30418.18935	30254.76424	118024.125
T216	123295.7123	81746.27451	14162.52561	27386.9122	27794.9927	22613.22579	5181.76691	-408.0804935	31434.0103	29580.33863	125149.384
T316	123093.6693	81879.15381	13753.16628	27461.34923	28443.04912	22464.69356	5978.355558	-981.6998954	35440.04296	31795.63728	126738.075
T416	126306.562	79862.11313	17094.92152	29349.5274	33024.20444	24753.49797	8270.706466	-3674.677041	37664.84958	32301.99563	131669.416
T117	117267.6782	79642.7158	12292.9088	25332.05365	25225.11906	21815.25753	3409.861529	106.93459	33756.74854	30281.20778	120743.219
T217	123952.3236	84138.96058	13784.69878	26028.6642	26731.37562	21841.14879	4890.226827	-702.7114187	35388.5752	30886.16076	128454.738
T317	125493.3617	84035.23813	14252.06194	27206.0616	29909.91387	23632.8263	6277.087569	-2703.852274	37960.51201	33153.99868	130299.875
T417	131368.4284	82053.51256	18853.78039	30461.13542	34298.47976	25787.31883	8511.160926	-3837.344335	37781.18218	34432.44256	134717.168
T118	122266.9397	82307.50219	12973.85018	26985.58737	26655.89002	23072.08312	3583.806895	329.6973587	34943.74789	32691.72764	124518.96
T218	131716.3653	88463.58718	13869.05246	29383.72561	29027.55414	23758.21296	5269.341186	356.1714668	36791.62554	32871.76079	135636.23
T318	129470.7784	86436.21919	13789.62323	29244.93598	29873.38898	23998.83349	5874.555491	-628.4529986	37509.11836	33457.87877	133522.018
T418	135653.9849	85293.80577	18776.35673	31583.82237	35700.66701	26081.79923	9618.867779	-4116.844643	39157.415	33823.60786	140987.792
T119	124343.8344	85254.11077	12506.13996	26583.58364	27071.57739	23775.53628	3296.041115	-487.993747	35805.27168	32581.17404	127567.932
T219	134084.3084	91038.1715	14094.46203	28951.67491	30923.70032	25132.68028	5791.020042	-1972.025405	36139.63191	33042.03636	137181.904
T319	134695.6663	89401.74071	14760.58604	30533.33958	32056.11132	26200.84888	5855.262446	-1522.77174	37595.97094	34412.60728	137879.03
T419	137365.6481	87920.85499	19333.71218	30111.08089	35241.38825	26206.01116	9035.377089	-5130.307359	40551.20242	34384.71647	143532.134
T120	121291.1258	82863.72663	13359.3553	25068.0439	24156.37306	20361.811	3794.562053	911.6708446	31942.64538	30671.85598	122561.9152
T220	98364.56919	70097.32988	12892.3864	15374.85291	12501.64983	10807.05171	1694.598115	2873.203079	20774.67872	23028.93903	96110.30888
T320	121705.2995	80330.54413	15552.23931	25822.516	28641.0589	24243.06069	4397.998213	-2818.542898	31264.37086	27253.14517	125716.5251
T420	138686.8059	85617.6046	23534.06066	29535.14063	39541.90916	29161.55095	10380.35822	-10006.76853	35375.61757	32464.36203	141598.0614
T121	128618.6437	84617.62644	14626.63976	29374.37753	32893.44885	28223.87127	4669.577581	-3519.07132	31565.68472	32168.85113	128015.4773
T221	138313.1158	91649.64465	16817.37669	29846.09443	34330.88688	28442.78505	5888.101839	-4484.792454	31547.18665	33499.54118	136360.7612
T321	138802.853	89800.88707	17888.88261	31113.08335	35963.02252	29705.8181	6257.204421	-4849.939174	35225.75173	33924.85302	140103.7517
T421	143580.0391	90295.41375	22974.85838	30309.767	38252.30906	29991.51759	8260.791469	-7942.542068	37669.72326	35118.79963	146130.9628
T122	n.d.	n.d.	n.d.	n.d.	n.d.	n.d.	n.d.	n.d.	n.d.	n.d.	n.d.
